21.143354 19.487982
21.177960 19.516434
21.161589 19.464529
21.111176 19.420921
21.188469 19.328411
21.260720 19.290064
21.300262 19.176323
21.313599 19.253279
21.391788 19.249765
21.437864 19.280083
21.531006 19.220968
21.389595 19.230726
21.297365 19.209427
21.311298 19.173187
21.414747 19.177960
21.546322 19.232786
21.469543 19.216580
21.447006 19.279963
21.367077 19.347187
21.289276 19.298786
21.184530 19.302172
21.141466 19.401440
21.135933 19.408482
21.049280 19.436502
20.933544 19.403276
20.856520 19.317568
20.879133 19.342415
20.875702 19.370802
20.820566 19.384172
20.743200 19.420609
20.801323 19.385641
20.721182 19.400827
20.667448 19.442123
20.464249 19.505200
20.477324 19.504870
20.464201 19.459652
20.486887 19.503440
20.478823 19.560913
20.475832 19.585558
20.466148 19.652079
20.467682 19.633364
20.404171 19.609160
20.378157 19.639545
20.361370 19.666191
20.333880 19.645004
20.260626 19.597204
20.264877 19.483576
20.295805 19.426540
20.399550 19.466911
20.521930 19.556906
20.587510 19.565273
20.677021 19.570810
20.688225 19.659615
20.692550 19.729298
20.733772 19.717236
20.709380 19.735296
20.750294 19.647312
20.757477 19.694307
20.760378 19.792933
20.704124 19.810114
20.826586 19.823854
20.809502 19.870602
20.665503 19.858519
20.581102 19.815660
20.610863 19.804660
20.650084 19.828444
20.578533 19.703701
20.538366 19.617292
20.599483 19.711235
20.704756 19.706966
20.863762 19.716808
20.999520 19.747269
21.069239 19.792301
20.981937 19.753057
20.946222 19.787724
20.991112 19.879168
21.008131 19.861963
21.001165 19.887094
20.936722 19.932556
20.982344 19.878828
21.023382 19.876934
21.115381 19.879675
21.136185 19.995821
21.050516 20.048397
21.081907 20.151508
21.025652 20.177824
21.018139 20.170918
21.047773 20.188444
21.197102 20.321043
21.187763 20.302307
21.216543 20.315504
21.329754 20.356895
21.300987 20.302732
21.368250 20.297037
21.427467 20.326826
21.453870 20.364595
21.537357 20.377394
21.508463 20.379852
21.585620 20.391842
21.571302 20.403152
21.584574 20.386120
21.532057 20.391832
21.541845 20.352348
21.542837 20.393362
21.594116 20.368267
21.568907 20.387949
21.565723 20.510069
21.527980 20.597315
21.565788 20.661516
21.500763 20.652575
21.563770 20.684114
21.542282 20.774850
21.477320 20.770824
21.569038 20.792377
21.570980 20.858713
21.458029 20.849080
21.477638 20.929640
21.499247 20.981852
21.561867 21.002000
21.644772 21.027843
21.527878 21.023796
21.451086 20.997551
21.443823 21.034674
21.494741 21.063906
21.462456 21.094482
21.535570 21.040663
21.522966 21.018050
21.522110 21.066397
21.525333 21.066591
21.494009 21.064436
21.414340 20.955460
21.446043 20.916351
21.470201 20.880163
21.400312 20.905779
21.416836 20.917677
21.439545 20.846140
21.478924 20.713863
21.485985 20.577530
21.445484 20.517126
21.412058 20.513592
21.365800 20.571660
21.317493 20.692984
21.266760 20.747477
21.219822 20.801250
21.148445 20.871717
21.044016 20.794935
21.018860 20.729511
21.072330 20.581202
21.064045 20.628410
21.060127 20.626045
21.057705 20.643888
21.042670 20.624376
21.024097 20.656841
21.076181 20.614445
21.027882 20.527044
20.996480 20.537886
20.941654 20.527431
20.970030 20.632023
20.986074 20.596336
21.024044 20.656342
21.080563 20.648195
21.067333 20.591412
21.103590 20.597612
21.100860 20.618374
21.099104 20.567040
21.124254 20.643948
21.067417 20.663850
21.128555 20.717009
21.062458 20.686357
21.074080 20.775010
21.013592 20.802414
20.996320 20.820750
21.048346 20.782970
21.027569 20.811018
20.985958 20.772842
20.896305 20.715813
20.846138 20.714901
20.753807 20.832468
20.711245 20.913671
20.708880 20.921396
20.680534 20.876863
20.553814 20.953770
20.534079 20.939030
20.446540 20.967530
20.484785 20.885080
20.578342 20.891808
20.573553 20.777842
20.420967 20.678526
20.357792 20.714539
20.330563 20.671892
20.329824 20.648966
20.397211 20.710800
20.365324 20.764431
20.380133 20.796495
20.362926 20.722690
20.386541 20.658195
20.442770 20.634230
20.454077 20.655054
20.439695 20.756970
20.404734 20.819786
20.409966 20.639826
20.484220 20.599535
20.475033 20.568783
20.517174 20.507568
20.453932 20.481144
20.466166 20.460836
20.502779 20.444843
20.566275 20.415030
20.553840 20.495750
20.393362 20.519870
20.387838 20.606447
20.436884 20.617400
20.375580 20.634087
20.356163 20.592740
20.352980 20.659801
20.455711 20.664194
20.475400 20.579966
20.579853 20.634375
20.689785 20.736430
20.670372 20.664835
20.673101 20.721510
20.699158 20.628445
20.652690 20.622309
20.654716 20.642723
20.713594 20.640882
20.683860 20.585130
20.732353 20.705020
20.670862 20.691292
20.609680 20.795816
20.613660 20.849897
20.599169 20.774504
20.595915 20.750221
20.494640 20.743061
20.441776 20.767500
20.423767 20.744535
20.470211 20.638071
20.497114 20.662785
20.435976 20.741602
20.496120 20.740366
20.517925 20.731142
20.464000 20.777500
20.288807 20.738693
20.287516 20.692545
20.247425 20.643492
20.193651 20.695206
20.156916 20.724810
20.121035 20.740017
20.149496 20.671005
20.124472 20.667020
19.975636 20.669256
19.862478 20.711391
19.840612 20.736551
19.864710 20.793790
19.853495 20.816751
19.872011 20.849304
19.905647 20.850891
19.925323 20.831944
19.916660 20.828090
19.927855 20.884413
19.895578 20.935064
19.910055 20.843678
19.802279 20.737692
19.781916 20.708237
19.715305 20.709593
19.659592 20.611270
19.555498 20.584710
19.558844 20.554672
19.608137 20.508581
19.543545 20.500933
19.550413 20.514364
19.603687 20.551527
19.692516 20.504025
19.730993 20.532550
19.748495 20.609024
19.787935 20.687872
19.692230 20.720383
19.624815 20.752079
19.517742 20.713310
19.377586 20.640642
19.266573 20.664667
19.305754 20.574710
19.359026 20.634680
19.399038 20.665150
19.472134 20.655916
19.522472 20.667463
19.589151 20.665766
19.656822 20.746971
19.687870 20.725082
19.685297 20.669212
19.733995 20.652884
19.632551 20.601460
19.610851 20.637820
19.591835 20.560030
19.539917 20.510859
19.403824 20.531752
19.350893 20.555511
19.361950 20.444277
19.329035 20.448124
19.368357 20.414354
19.393404 20.385610
19.330425 20.440199
19.361840 20.404380
19.312359 20.547754
19.293186 20.679210
19.310700 20.697636
19.208046 20.663145
19.102552 20.696663
19.187561 20.718290
19.208110 20.733065
19.200338 20.846281
19.229979 20.818619
19.300274 20.910606
19.474424 20.933992
19.540000 20.980722
19.620173 20.950150
19.645273 20.994827
19.697550 20.992104
19.700129 21.006699
19.666927 21.024937
19.672558 21.033140
19.616276 20.922018
19.605610 20.925660
19.639816 20.909820
19.636835 21.023867
19.584488 20.990883
19.518423 20.974377
19.571293 20.964924
19.627104 20.963950
19.604780 21.010784
19.634644 20.982513
19.575544 21.015392
19.533020 21.050034
19.508476 21.070260
19.380196 20.961035
19.359468 20.965166
19.333480 21.035429
19.233713 20.956627
19.251358 20.885382
19.306498 20.887096
19.377289 20.790855
19.344568 20.760878
19.375343 20.809738
19.373410 20.906343
19.382260 20.871328
19.392086 20.869394
19.474602 20.891960
19.508955 20.894703
19.505316 20.827423
19.489300 20.887842
19.453556 20.976963
19.446140 20.968155
19.511340 20.906830
19.575659 20.913033
19.565695 20.862915
19.520410 20.968935
19.507317 21.028715
19.583640 21.005554
19.562650 21.063406
19.515198 21.176031
19.537085 21.177382
19.636738 21.140451
19.709175 21.089043
19.754374 21.087849
19.789820 21.068040
19.715755 21.063168
19.713990 21.134604
19.707220 21.164768
19.704645 21.099350
19.783928 21.063435
19.738882 20.971340
19.713360 20.955145
19.776379 20.914370
19.765398 20.881020
19.787120 20.913078
19.824974 20.911684
19.824448 20.830513
19.841883 20.847208
19.806133 20.866968
19.768784 20.854410
19.719368 20.742014
19.775696 20.738491
19.782803 20.665728
19.775988 20.705349
19.752205 20.678484
19.703060 20.579850
19.650270 20.605000
19.678650 20.641127
19.758095 20.621805
19.914234 20.610662
19.976448 20.629768
20.082977 20.631575
20.151093 20.665860
20.128525 20.749067
20.168951 20.718222
20.229450 20.742254
20.208800 20.765020
20.186378 20.810738
20.089191 20.837150
20.023190 20.842615
20.132627 20.814898
20.181574 20.792990
20.248716 20.796787
20.280231 20.740599
20.230463 20.798828
20.290373 20.797290
20.336330 20.868847
20.302760 20.901094
20.218496 20.815514
20.160776 20.877337
20.205640 20.869823
20.193987 20.882664
20.082045 20.875986
20.116459 20.877548
20.185505 20.846598
20.142470 20.902023
20.180040 20.873468
20.092989 20.907465
20.044247 20.930740
19.947094 20.909174
19.883060 20.946306
19.937151 20.969854
19.970060 20.973654
19.974533 20.997038
19.926474 20.933321
19.858994 20.928936
19.876130 20.853594
19.906580 20.844069
19.911354 20.865313
19.882425 20.895613
19.864168 20.839110
19.902632 20.859947
19.903214 20.821331
19.796570 20.892906
19.802307 20.956406
19.862326 21.028198
19.867826 21.070890
19.959183 21.087461
20.024622 21.134417
20.167404 21.208650
20.213522 21.179516
20.307850 21.225216
20.310223 21.220512
20.179604 21.151285
20.113075 21.230255
20.164324 21.172022
20.177020 21.146584
20.151620 21.084060
20.118525 21.039528
20.033514 20.892796
19.979382 20.795364
19.992050 20.801030
20.004896 20.802790
19.942371 20.875298
19.930357 20.845596
19.990604 20.795921
19.984318 20.817923
19.963530 20.795588
20.014220 20.852068
20.014212 20.821295
19.944658 20.858612
19.964441 20.841257
19.980234 20.825314
20.067114 20.892670
20.084900 20.915325
20.051903 21.035830
20.108158 21.201033
20.155632 21.291441
20.125555 21.399603
20.049635 21.418694
19.994638 21.359877
19.987223 21.327621
19.981071 21.330780
20.000460 21.418780
19.945658 21.471200
19.907215 21.424585
19.945292 21.383830
20.004433 21.439972
19.958193 21.404968
20.011507 21.407656
20.004547 21.414057
19.949924 21.350450
19.932484 21.344618
19.998009 21.419453
20.054201 21.525629
20.081991 21.518425
20.046608 21.537771
20.054596 21.536550
20.062536 21.507620
20.105038 21.407784
20.153328 21.400303
20.146984 21.383238
20.159695 21.337313
20.105276 21.323174
20.210379 21.224651
20.249893 21.173344
20.203756 21.188608
20.182775 21.176779
20.208042 21.176558
20.147005 21.196953
20.164297 21.158764
20.120152 21.132223
20.065863 21.197588
20.048170 21.257788
20.143478 21.270954
20.271763 21.271702
20.212627 21.346430
20.175549 21.267408
20.181330 21.182955
20.219835 21.161089
20.254005 21.176828
20.244736 21.288530
20.187073 21.232765
20.238152 21.105127
20.249569 21.144766
20.313309 21.164675
20.349810 21.244741
20.407755 21.254702
20.436357 21.155085
20.393257 21.187685
20.344378 21.205465
20.251050 21.198088
20.225367 21.253506
20.197556 21.299000
20.177532 21.316640
20.201660 21.231184
20.255783 21.080036
20.275600 21.073317
20.266367 21.143608
20.192297 21.177254
20.095007 21.152506
20.123660 21.139622
20.192863 21.143602
20.147165 21.095015
20.187067 21.036552
20.260420 21.028576
20.281301 21.055030
20.114962 21.030792
20.085417 21.053308
20.132390 21.033714
20.088526 21.025656
20.093538 21.098510
20.107817 21.089710
20.040228 21.037693
20.020200 21.023937
20.023247 21.137272
19.982027 21.061298
19.995420 21.065155
19.920307 21.174717
19.945288 21.118492
19.914013 21.065254
19.815619 21.075190
19.764984 21.062433
19.725243 20.960995
19.601023 20.929169
19.648640 20.978651
19.647043 20.978275
19.638378 20.982265
19.670780 20.848343
19.729914 20.788110
19.807160 20.763865
19.858133 20.748432
19.865595 20.761930
19.909084 20.776750
19.940470 20.813377
19.879007 20.742704
19.932787 20.765879
20.030313 20.710650
20.158236 20.684137
20.326996 20.538546
20.381332 20.413755
20.328354 20.382105
20.341873 20.395958
20.310703 20.480707
20.237345 20.453302
20.199638 20.433120
20.147482 20.426060
20.181713 20.372894
20.181570 20.364105
20.199646 20.399166
20.175589 20.287233
20.162832 20.316448
20.266647 20.385490
20.314219 20.355510
20.414755 20.311360
20.369661 20.360529
20.408285 20.375673
20.312206 20.443457
20.269869 20.439493
20.287874 20.409260
20.198412 20.513970
20.164333 20.540716
20.082640 20.585228
20.025425 20.555641
19.985283 20.500595
19.964447 20.458567
19.979767 20.369520
19.935928 20.334108
19.896908 20.443213
19.926523 20.382547
19.947538 20.290117
20.015550 20.315071
20.035269 20.364460
20.034561 20.390280
20.065054 20.357452
20.064856 20.290980
20.071386 20.194891
20.025074 20.132872
19.992104 20.141474
19.968550 20.172668
19.911570 20.206120
19.872595 20.243921
19.854223 20.293570
19.922722 20.253340
19.880505 20.163351
19.900630 20.103037
19.998306 20.050339
20.000860 20.033264
19.984903 20.084648
19.901178 20.187979
19.895138 20.231958
19.874975 20.100182
19.912245 20.018328
19.898361 20.049580
19.954208 20.080070
20.083828 20.262009
20.022990 20.373087
20.023544 20.330301
20.082605 20.327093
20.088505 20.283226
20.131107 20.250818
20.080318 20.287468
20.146570 20.360704
20.158970 20.358362
20.137573 20.353075
20.070910 20.368233
20.016695 20.427872
19.985897 20.387339
19.920640 20.322618
19.933077 20.230991
19.890602 20.278418
19.841692 20.275229
19.842913 20.240683
19.783247 20.214602
19.734186 20.393269
19.716225 20.550901
19.672480 20.587168
19.648972 20.440195
19.668990 20.497375
19.673317 20.533726
19.598158 20.562374
19.469585 20.561573
19.405605 20.597872
19.333136 20.656267
19.337433 20.657528
19.365356 20.613617
19.331734 20.510487
19.319820 20.537893
19.456223 20.567585
19.536106 20.522799
19.578392 20.605778
19.625826 20.688032
19.657532 20.706040
19.628810 20.611355
19.446161 20.607891
19.447578 20.602758
19.430672 20.594177
19.427534 20.601500
19.427448 20.472775
19.412733 20.439373
19.432598 20.441711
19.417269 20.387953
19.424084 20.320326
19.318940 20.416801
19.307167 20.418648
19.247500 20.367695
19.198280 20.427996
19.289566 20.470177
19.358913 20.459553
19.401758 20.485422
19.446106 20.455828
19.450230 20.463852
19.527384 20.389780
19.612816 20.317572
19.690472 20.238895
19.738450 20.183512
19.754158 20.140137
19.774970 20.086805
19.739668 19.979490
19.825514 19.900673
19.878067 19.896645
19.857770 19.822187
19.921530 19.868841
19.838726 19.903118
19.756712 19.919384
19.909683 19.915073
19.923618 19.889458
19.934446 19.880844
19.952066 19.843334
19.929174 19.815823
19.839731 19.854446
19.832111 19.843916
19.915308 19.816471
19.871038 19.905346
19.814014 20.006930
19.758064 19.989435
19.581905 20.030060
19.537817 20.100763
19.533062 20.080765
19.541030 19.964085
19.615206 19.866354
19.609848 19.849216
19.653751 19.822271
19.684061 19.879260
19.656412 19.823734
19.659680 19.851580
19.636248 19.875145
19.699942 19.871160
19.789560 19.850508
19.802326 19.833149
19.854317 19.840485
19.900020 19.877348
19.968428 19.890944
20.027678 19.809933
20.151379 19.729155
20.117922 19.673640
20.115755 19.635624
20.092068 19.559408
20.009193 19.554232
20.088041 19.523150
20.139513 19.615427
20.202930 19.608353
20.288736 19.537508
20.392250 19.515593
20.467070 19.426289
20.526306 19.397524
20.533930 19.522038
20.530360 19.555590
20.459430 19.614624
20.487307 19.543043
20.554815 19.553247
20.499989 19.503870
20.461573 19.474600
20.413557 19.431063
20.367796 19.316721
20.442724 19.253656
20.480625 19.310734
20.426558 19.360254
20.413158 19.444935
20.447603 19.547316
20.289799 19.533846
20.200668 19.545050
20.080711 19.505713
20.090105 19.509005
20.190252 19.503517
20.279255 19.514585
20.259645 19.498598
20.234703 19.417970
20.336014 19.340054
20.183594 19.324700
20.080097 19.343376
20.055030 19.408728
20.125830 19.473064
20.162289 19.515830
20.111498 19.488895
20.040026 19.482805
20.104404 19.470139
20.062824 19.446682
19.954508 19.352554
19.861485 19.338772
19.790650 19.363010
19.854115 19.361586
19.930145 19.457159
19.859241 19.414560
19.856825 19.438244
19.809824 19.577929
19.746035 19.537420
19.721298 19.474424
19.709310 19.412008
19.615540 19.355387
19.545618 19.256640
19.528751 19.384037
19.501163 19.387688
19.562735 19.359186
19.519476 19.320288
19.389505 19.260227
19.300716 19.222880
19.265600 18.973673
19.283894 18.976358
19.364536 18.883331
19.358025 18.866610
19.431316 18.837820
19.512547 18.916824
19.483522 18.839907
19.524559 18.743870
19.518251 18.868880
19.497253 18.819384
19.579504 18.779173
19.464144 18.757254
19.410103 18.772669
19.370146 18.805525
19.231953 18.733050
19.255102 18.733091
19.285100 18.803768
19.271275 18.786058
19.215645 18.816551
19.177156 18.829084
19.182299 18.786620
19.266706 18.722963
19.280931 18.801510
19.274836 18.797840
19.281391 18.779345
19.266212 18.834196
19.236060 18.748524
19.259949 18.709167
19.345142 18.700521
19.450424 18.758460
19.441895 18.765284
19.484333 18.762663
19.501421 18.780844
19.448090 18.680660
19.401056 18.763721
19.378536 18.783731
19.436690 18.856356
19.349600 18.849028
19.225200 18.769676
19.216955 18.783884
19.240746 18.785816
19.241457 18.703909
19.130255 18.656033
19.105875 18.644814
19.050772 18.658148
19.138853 18.547207
19.182558 18.497515
19.217628 18.409288
19.274136 18.426504
19.240053 18.411797
19.244844 18.390661
19.291677 18.408144
19.307386 18.397139
19.214949 18.395483
19.125360 18.306376
19.111692 18.260841
19.148403 18.239063
19.173687 18.303886
19.067719 18.204182
18.923310 18.174963
18.931828 18.170895
18.866123 18.192862
18.846004 18.262560
18.851810 18.396318
18.877401 18.438564
18.825321 18.360554
18.855808 18.229689
19.014925 18.166422
19.094198 18.146488
19.012500 18.104795
18.944462 18.102776
18.970926 18.063684
19.006300 18.035680
18.936527 17.981325
18.956890 18.121742
18.937470 18.301010
18.998678 18.330917
19.015236 18.386925
19.005217 18.372776
18.979689 18.447142
18.853083 18.478807
18.789040 18.541243
18.854559 18.619549
18.905258 18.682814
18.885496 18.731049
18.920876 18.738876
18.953568 18.720308
18.910755 18.645603
18.874338 18.667000
18.901453 18.698505
18.906778 18.699232
18.854380 18.725027
18.702460 18.723740
18.629450 18.779444
18.559778 18.766650
18.633493 18.618740
18.712450 18.559078
18.753490 18.499662
18.704378 18.593925
18.671722 18.604767
18.721714 18.541002
18.845703 18.572586
18.928957 18.537558
19.030111 18.574919
19.209267 18.559042
19.271900 18.427334
19.339825 18.351313
19.337204 18.386517
19.475967 18.416775
19.519533 18.453300
19.554377 18.454655
19.494478 18.464544
19.368452 18.551720
19.447243 18.654743
19.421300 18.756382
19.402277 18.755722
19.481800 18.732563
19.442820 18.723255
19.451838 18.750214
19.528746 18.791885
19.514862 18.741642
19.466234 18.794868
19.508238 18.849277
19.508238 18.813097
19.561930 18.823105
19.528252 18.787947
19.530527 18.805136
19.547848 18.856804
19.619759 18.857342
19.609460 18.814087
19.525572 18.844212
19.500454 18.867136
19.659184 18.827260
19.824823 18.964846
19.782393 18.933596
19.730188 18.890230
19.737028 18.903818
19.724556 18.946388
19.655634 19.033262
19.545256 18.938072
19.498894 19.024560
19.414036 19.062338
19.417750 19.045914
19.437500 19.043741
19.421940 19.007057
19.391632 19.053652
19.368784 19.111563
19.342642 19.063787
19.258528 19.038858
19.298664 18.974588
19.296654 19.016130
19.282349 19.057268
19.195430 18.941687
19.107746 18.792873
19.169620 18.694195
19.164690 18.706686
19.146680 18.826265
19.149360 18.877254
19.221210 18.899494
19.317580 18.944680
19.356218 19.014843
19.351643 19.093544
19.315134 19.239328
19.287382 19.237492
19.358800 19.280450
19.466713 19.308134
19.477352 19.186308
19.617790 19.194164
19.700024 19.113874
19.686604 19.127293
19.740467 19.130562
19.741863 19.131832
19.757797 19.303238
19.754120 19.313982
19.847372 19.280695
19.916224 19.275482
19.904478 19.245810
19.865927 19.212080
19.913656 19.238617
20.007036 19.227066
20.049994 19.354414
19.969368 19.325813
19.955494 19.296827
20.022907 19.358944
20.007908 19.327100
20.003735 19.273642
20.084383 19.279964
19.963667 19.285437
19.974712 19.257452
19.985952 19.116016
20.066702 18.953447
20.054989 18.992329
20.049960 19.124277
19.881887 19.231955
19.850904 19.156023
19.878620 19.174515
19.951580 19.125887
19.948574 19.064445
19.890467 19.005852
19.924297 19.088390
19.877802 19.163790
19.856792 19.109840
19.762440 19.194492
19.733908 19.126568
19.826046 19.172560
19.956550 19.171760
20.016096 19.275880
19.986792 19.334124
19.916603 19.316473
20.054985 19.372149
20.107729 19.347172
20.121658 19.419100
20.045640 19.392910
19.964330 19.249000
19.971725 19.223207
19.891285 19.294018
19.881325 19.307692
19.846672 19.338827
19.776285 19.363655
19.829796 19.381758
19.798689 19.421137
19.836935 19.489004
19.789890 19.561531
19.826027 19.563828
19.991701 19.623663
20.096033 19.589153
20.062487 19.523985
19.903725 19.603666
19.805058 19.527683
19.806230 19.564362
19.917933 19.652073
20.033045 19.756378
19.994066 19.764841
20.036451 19.774456
19.995716 19.711195
19.889256 19.652052
19.912798 19.564953
19.946602 19.555712
19.952204 19.590897
19.926943 19.494312
19.965313 19.398062
19.995949 19.409573
19.956324 19.391980
19.877975 19.455828
19.859470 19.390244
19.796606 19.371525
19.847334 19.455690
19.790043 19.479576
19.767320 19.464148
19.731356 19.494759
19.722311 19.437984
19.672434 19.415014
19.717005 19.381659
19.727500 19.312220
19.747974 19.283318
19.727560 19.180970
19.670786 19.137793
19.620890 19.245611
19.595580 19.237560
19.735899 19.268720
19.814960 19.310179
19.817041 19.389215
19.736776 19.457720
19.696507 19.414492
19.782532 19.409721
19.794607 19.426863
19.750505 19.515146
19.691948 19.568604
19.663904 19.628153
19.634420 19.727890
19.696238 19.644346
19.776274 19.633863
19.738240 19.643337
19.696540 19.558450
19.737112 19.461441
19.695488 19.446718
19.781094 19.453680
19.820230 19.476885
19.860003 19.455538
19.728250 19.483315
19.733044 19.553032
19.804033 19.605614
19.919546 19.552837
19.984015 19.501040
19.962640 19.478960
20.067959 19.342548
19.976124 19.177002
20.003680 19.170301
20.004042 19.171232
19.894579 19.146969
19.841846 19.158543
19.769642 19.089445
19.770067 19.120289
19.784470 19.040497
19.777225 18.989645
19.840954 18.942554
19.864573 18.940006
19.834845 18.914362
19.821444 18.880066
19.896790 18.934350
19.980585 18.994974
20.071796 18.965363
20.149641 19.000670
20.169228 18.921944
20.134035 18.837050
20.145647 18.843037
20.074600 18.902905
20.005362 18.870821
19.982260 18.894238
20.026041 18.945900
20.143410 18.827467
20.174452 18.857658
20.167230 18.888145
20.087528 18.933409
20.055100 18.900879
20.036211 18.873768
20.003408 18.886280
19.920717 18.888344
19.892610 19.021252
19.930414 19.082981
19.928326 19.193268
19.967089 19.206024
19.947660 19.147150
19.871020 19.261604
19.788954 19.317507
19.844599 19.315603
19.885690 19.238268
19.945723 19.247889
19.949871 19.200382
19.979372 19.342728
19.880825 19.323696
19.816128 19.184689
19.824795 19.063140
19.873190 18.998955
19.917273 18.914865
19.995697 19.008835
20.012167 19.077765
20.078210 19.032902
20.075160 18.982920
20.042140 19.081804
20.039335 19.121695
20.095540 19.084875
20.107502 18.945963
20.148787 19.009312
20.081050 18.926373
20.087353 18.915910
20.033735 18.948305
19.996458 18.970960
20.026920 18.981184
20.133411 18.835218
20.163776 18.683310
20.179823 18.644861
20.192286 18.584610
20.169840 18.578680
20.253466 18.596344
20.311950 18.643347
20.289540 18.674660
20.305262 18.695920
20.358000 18.816736
20.367300 18.803505
20.293830 18.824648
20.273102 18.961246
20.246908 18.949420
20.345684 18.849146
20.465580 18.752934
20.491886 18.735064
20.547388 18.695606
20.623844 18.773563
20.689045 18.809950
20.649189 18.783234
20.735994 18.848180
20.751066 18.888994
20.818370 18.962090
20.746582 18.916765
20.916407 18.906446
21.095861 18.859184
21.149529 18.804062
21.228008 18.848354
21.201650 18.821863
21.130653 18.764942
21.084932 18.762915
21.097725 18.803974
21.108917 18.763588
21.120474 18.701733
21.106726 18.641897
21.064672 18.598207
21.055256 18.638397
21.073765 18.450142
21.005089 18.421446
20.937006 18.544561
20.998260 18.538980
21.037910 18.550722
21.022600 18.555632
21.004705 18.544933
21.045282 18.594463
21.028843 18.630445
20.968447 18.614470
20.891855 18.600763
20.873224 18.624428
20.913715 18.624695
20.886833 18.655071
20.918716 18.738071
20.891370 18.770578
20.851599 18.737122
20.713772 18.753017
20.606852 18.794071
20.567904 18.781322
20.635729 18.746660
20.680270 18.753931
20.679682 18.641582
20.705074 18.593288
20.743069 18.695270
20.840733 18.772120
20.840525 18.737495
20.848433 18.676998
20.887264 18.627522
20.977854 18.631165
21.054434 18.611029
21.122530 18.607805
21.154997 18.504990
21.147081 18.542046
21.168230 18.571632
21.120243 18.607252
21.060503 18.588392
20.940683 18.526234
20.923600 18.463455
20.884615 18.454700
20.879047 18.506207
20.756355 18.512970
20.616545 18.484230
20.679590 18.401274
20.779675 18.420853
20.734564 18.418804
20.657288 18.534355
20.555916 18.620674
20.579277 18.640574
20.727640 18.780558
20.825407 18.842726
20.922880 18.913677
20.985046 18.847963
21.019104 18.955946
20.997143 19.030104
21.063269 19.096910
21.003399 18.991640
20.927240 19.044027
20.935902 19.189848
20.935417 19.263802
20.906390 19.383123
20.936666 19.286587
20.898142 19.238884
20.891615 19.161354
20.939184 19.142344
20.900242 19.117064
20.916643 19.092989
20.827253 19.157705
20.676987 19.252651
20.695822 19.247835
20.786730 19.149324
20.777794 19.087189
20.665977 19.082367
20.680760 19.005022
20.729055 18.960160
20.807966 18.935990
20.846382 19.013134
20.785720 19.029139
20.865541 19.029387
20.989970 18.935766
20.918262 18.959660
20.882895 19.017458
20.842880 19.063070
20.876814 18.993422
20.767580 18.883661
20.776543 18.999884
20.814920 19.047930
20.782858 19.045027
20.698853 19.013418
20.655464 19.039787
20.747387 19.067083
20.799698 18.933472
20.814651 18.872276
20.900208 18.885550
20.992792 18.980587
20.938995 19.019928
20.950237 19.046803
20.892720 19.060255
20.914522 19.068756
21.013308 19.168490
21.128193 19.206955
21.117540 19.231710
21.130651 19.234085
21.172377 19.160763
21.265965 19.223040
21.347610 19.294615
21.331330 19.298141
21.339560 19.239109
21.440962 19.199942
21.519648 19.207922
21.476711 19.300490
21.430246 19.312090
21.423908 19.323930
21.365055 19.367434
21.352356 19.337961
21.353224 19.327680
21.426064 19.325932
21.421389 19.279009
21.550428 19.316074
21.556154 19.342432
21.628431 19.451822
21.792679 19.626324
21.837334 19.604704
21.980618 19.425995
22.000086 19.427770
22.014408 19.480341
22.102129 19.471645
22.046904 19.485613
22.018528 19.554176
21.932863 19.621494
21.985012 19.721375
21.980354 19.815046
22.003664 19.873962
21.995058 19.985386
22.167727 19.978954
22.099598 19.987553
22.116169 19.966124
22.196140 20.014177
22.335280 20.056004
22.311796 19.969885
22.272787 19.954462
22.310130 19.970543
22.281270 20.049276
22.318075 20.077381
22.325977 20.054132
22.365551 20.019083
22.402222 19.928423
22.442095 19.929834
22.465794 19.931482
22.571560 20.009773
22.706219 20.031229
22.722542 20.058453
22.866968 19.997515
22.865202 19.960030
22.823013 19.964638
22.857960 19.888933
22.944548 19.937752
22.975147 19.884210
22.930357 19.931297
22.868595 19.946064
22.902983 19.953318
23.006481 19.973448
23.042500 20.043863
23.006006 20.123360
22.959150 20.215525
23.054604 20.268185
23.091185 20.141539
23.185590 20.117104
23.219921 20.036346
23.159645 20.076305
23.162810 20.080940
23.175129 20.017372
23.151955 20.055840
23.151827 20.051380
23.105886 19.949554
23.058239 19.857601
22.880205 19.819977
22.800589 19.828238
22.830690 19.784622
22.885105 19.936552
22.862295 19.951347
22.782500 20.108511
22.866444 20.088587
22.925789 19.975739
22.974310 19.935078
23.089066 19.929619
23.081436 20.041742
23.180937 20.238321
23.178549 20.141933
23.180723 20.035133
23.124592 19.861607
23.123990 19.958626
23.158667 20.006786
23.118359 19.988417
23.091566 19.957367
23.126541 19.910122
23.175030 19.881508
23.259253 19.863863
23.270090 19.862707
23.284021 19.848640
23.243208 19.912447
23.293222 20.032248
23.288746 20.089283
23.233640 20.079970
23.253710 20.027407
23.389900 19.920110
23.461983 19.961435
23.500784 19.989565
23.528988 20.023853
23.568321 19.956875
23.610949 19.915564
23.577260 19.887358
23.598090 19.726015
23.660040 19.711994
23.687185 19.647919
23.669355 19.685253
23.587748 19.689089
23.557423 19.626265
23.548885 19.688060
23.511597 19.846037
23.429530 20.024336
23.397226 20.042591
23.425436 20.059720
23.371416 20.134506
23.398722 20.190063
23.510340 20.256040
23.523891 20.294270
23.548590 20.351690
23.528318 20.317636
23.505863 20.313858
23.581142 20.319277
23.552590 20.216120
23.508436 20.020470
23.557665 19.958200
23.530529 19.889286
23.551968 19.858093
23.397724 19.820787
23.379953 19.806358
23.381847 19.795374
23.470148 19.889845
23.383907 19.930650
23.426907 19.947073
23.436672 19.975008
23.453253 19.967750
23.444210 19.855947
23.584095 19.882212
23.676197 19.921330
23.735815 20.015135
23.811563 20.121777
23.936443 20.101057
23.969006 20.091050
24.046696 20.190193
24.122190 20.294382
24.112535 20.308746
24.033218 20.388290
24.004637 20.443306
24.022799 20.400864
24.064913 20.390022
23.976522 20.458750
23.921965 20.487972
23.911250 20.423607
23.987240 20.365229
24.022194 20.378190
24.047335 20.450560
23.937860 20.456940
23.960054 20.404104
23.855410 20.462885
23.734962 20.469501
23.628395 20.425660
23.565992 20.395353
23.563340 20.409544
23.671705 20.322462
23.712025 20.323242
23.773108 20.327420
23.727423 20.290077
23.613104 20.371860
23.541706 20.361147
23.530039 20.426037
23.653557 20.411585
23.729963 20.380106
23.714323 20.374115
23.780472 20.331871
23.806177 20.306040
23.804272 20.221384
23.859356 20.255606
23.865643 20.296726
23.802261 20.216188
23.789352 20.266161
23.801142 20.260773
23.888844 20.268951
23.960873 20.274584
24.081343 20.338331
24.240980 20.446814
24.193762 20.430570
24.101610 20.473760
24.173752 20.502728
24.303705 20.472452
24.310694 20.304140
24.309254 20.392738
24.259630 20.434814
24.199379 20.461510
24.117155 20.512781
24.095285 20.684101
24.001800 20.647920
24.023550 20.619072
24.040676 20.636265
24.028845 20.492872
24.042807 20.519157
23.876167 20.520155
23.967941 20.442152
24.000795 20.501225
23.971838 20.619010
23.915369 20.601995
23.921951 20.674013
23.977770 20.722876
24.031683 20.670223
23.995453 20.652044
23.990097 20.593887
23.973345 20.519129
23.984346 20.535528
24.048843 20.528002
23.980616 20.571167
23.824219 20.667765
23.700163 20.646072
23.787300 20.642487
23.768436 20.607273
23.724237 20.627829
23.750673 20.722126
23.697638 20.796183
23.677300 20.777128
23.768707 20.943764
23.789139 20.867554
23.933117 20.805548
23.965816 20.785670
23.975040 20.813684
24.069715 20.788530
24.119540 20.752218
24.201020 20.798986
24.208492 20.704826
24.261618 20.608036
24.266954 20.495508
24.369938 20.311739
24.254553 20.266718
24.174450 20.266943
24.175465 20.385227
24.159945 20.296396
24.152346 20.338915
24.167328 20.385448
24.168250 20.397032
24.133251 20.393000
24.127216 20.413267
24.090498 20.339994
24.118483 20.269934
24.132172 20.198990
24.137500 20.210546
24.195430 20.196896
24.310717 20.164362
24.257656 20.109667
24.329489 19.930746
24.365065 19.916529
24.238045 19.848703
24.194315 19.886497
24.284721 19.909464
24.271128 19.864460
24.220380 19.721070
24.062859 19.552042
24.035738 19.511570
24.039696 19.616518
24.056170 19.618202
24.032995 19.542900
24.027338 19.625520
24.033430 19.692759
24.172379 19.728737
24.176716 19.746029
24.163902 19.756351
24.196611 19.764540
24.190716 19.867046
24.136854 19.893278
24.198526 19.956802
24.170410 19.999992
24.271046 20.022300
24.351948 20.043510
24.437302 20.007744
24.563753 20.016844
24.591013 20.011444
24.663824 19.995878
24.705873 20.147076
24.707863 20.273860
24.685358 20.273123
24.671358 20.303180
24.503532 20.324802
24.422886 20.242610
24.438307 20.229212
24.410114 20.355762
24.514141 20.339605
24.603258 20.315321
24.587162 20.352919
24.633081 20.393696
24.653070 20.367723
24.598194 20.432072
24.571512 20.467384
24.509356 20.665450
24.412079 20.786762
24.350714 20.815315
24.247616 20.866930
24.184782 20.837326
24.136978 20.942150
24.089298 21.001371
24.172127 20.971043
24.243595 21.036234
24.258348 21.156298
24.255505 21.093517
24.427774 21.144560
24.487986 21.171938
24.463366 21.192883
24.492590 21.310543
24.504644 21.313637
24.393227 21.250310
24.302013 21.230831
24.226706 21.157290
24.142950 21.151352
24.139090 21.206106
24.120556 21.209105
24.134537 21.194252
24.189720 21.209906
24.105906 21.211975
24.008556 21.205935
24.052938 21.187372
24.072110 21.204596
24.045357 21.195920
24.026577 21.199244
24.017017 21.141386
23.927052 21.164343
23.847496 21.143965
23.787373 21.129162
23.762941 21.105225
23.743866 21.152180
23.722020 21.150370
23.648033 21.065485
23.656158 21.090609
23.703869 21.072378
23.682629 21.139063
23.667700 21.059181
23.594357 21.059956
23.535748 21.037348
23.647503 21.078798
23.717724 21.118837
23.676783 21.119320
23.665676 21.018625
23.817760 21.029686
23.767868 21.084816
23.785461 21.141960
23.729370 20.986547
23.677025 20.948547
23.687030 20.898310
23.689081 20.749914
23.654531 20.641539
23.748240 20.667336
23.747862 20.537409
23.796364 20.522884
23.795755 20.571693
23.828693 20.583090
23.820456 20.572155
23.848269 20.585556
23.845032 20.567562
23.893911 20.484402
23.961554 20.544933
23.892694 20.608580
23.900023 20.510796
24.015028 20.436352
24.024822 20.449144
24.003063 20.509602
23.978495 20.521160
23.936434 20.543354
23.969643 20.542189
23.854052 20.515778
23.788256 20.575031
23.739370 20.512337
23.689014 20.476444
23.716139 20.445707
23.672610 20.553110
23.633648 20.559732
23.575247 20.552933
23.542887 20.495676
23.487593 20.481258
23.438755 20.568623
23.465618 20.595802
23.437103 20.515238
23.471142 20.448385
23.527142 20.508230
23.512657 20.567394
23.427998 20.583769
23.476128 20.573742
23.529806 20.600037
23.489885 20.669405
23.563580 20.687980
23.509058 20.712883
23.442142 20.659080
23.438133 20.634539
23.454016 20.718433
23.488243 20.791319
23.419611 20.829890
23.443518 20.798923
23.415096 20.736227
23.459549 20.691057
23.496960 20.728825
23.502440 20.737580
23.343843 20.746813
23.361362 20.700090
23.439165 20.654350
23.562437 20.654253
23.601997 20.703184
23.610855 20.720291
23.583652 20.672358
23.619950 20.617342
23.609327 20.653553
23.615960 20.783564
23.542402 20.749958
23.514780 20.723402
23.557617 20.714767
23.627934 20.797804
23.592648 20.895150
23.723207 20.928326
23.645304 20.848125
23.640400 20.778236
23.651390 20.746540
23.645195 20.860323
23.536627 20.935877
23.533113 20.904587
23.612701 20.751528
23.686283 20.686560
23.697765 20.580559
23.608788 20.569070
23.610800 20.545391
23.461306 20.414010
23.426290 20.286922
23.406690 20.269712
23.395905 20.318657
23.405334 20.311255
23.360546 20.341370
23.358067 20.238430
23.374582 20.261608
23.387403 20.204376
23.449352 20.087994
23.458889 19.998556
23.360147 20.027340
23.365828 20.023922
23.309568 19.941810
23.297360 19.871017
23.311075 19.957250
23.358624 19.915495
23.463676 19.868986
23.422062 19.752638
23.437080 19.820576
23.408537 19.745428
23.356455 19.733469
23.417112 19.786203
23.419437 19.836168
23.336102 19.887665
23.175894 19.864418
23.244562 19.846907
23.118020 19.929409
23.057104 19.907080
23.009384 19.922935
23.103825 20.092089
23.193472 20.028270
23.159441 20.054733
23.088932 20.090770
23.075989 20.226007
23.059670 20.123657
23.104877 19.979946
23.128721 19.905043
23.120598 19.987880
23.219238 20.032423
23.154573 20.056707
23.114012 20.035137
23.261444 19.981400
23.348343 19.921286
23.314152 19.885685
23.372560 19.942795
23.332926 19.991917
23.235558 20.010479
23.248482 19.964565
23.213585 19.917805
23.209436 19.916094
23.159073 19.924417
23.090706 19.855984
23.107555 19.772686
23.117039 19.735893
23.061264 19.712593
23.078758 19.679783
23.033716 19.704746
23.069332 19.683455
23.098564 19.700226
23.061928 19.698330
22.958470 19.663847
22.935127 19.671170
22.890842 19.654130
22.897049 19.722208
22.829317 19.653065
22.927668 19.592596
22.910770 19.570080
22.899372 19.498121
23.036924 19.382315
23.124477 19.380936
23.148125 19.383158
23.076735 19.380613
22.952806 19.256523
22.997799 19.106370
23.023272 19.070553
23.042141 19.047182
22.962973 19.021433
22.983013 18.993097
22.904120 19.077595
22.836782 19.235230
22.867748 19.248030
22.892048 19.242645
22.917330 19.279263
22.955812 19.309193
22.835135 19.297200
22.934753 19.233578
23.020473 19.300207
23.061718 19.333033
23.084475 19.302546
23.041864 19.250935
23.005352 19.252970
22.891449 19.355290
22.837790 19.420725
22.829248 19.414295
22.777912 19.382467
22.779335 19.383657
22.738220 19.311132
22.679571 19.311670
22.609638 19.328146
22.669450 19.424593
22.747110 19.465305
22.830090 19.541235
22.737404 19.569452
22.697546 19.589808
22.738764 19.573340
22.695986 19.568571
22.633202 19.662779
22.640211 19.673532
22.782064 19.710924
22.854805 19.870098
22.907326 19.910930
22.867428 19.751030
22.767307 19.654842
22.727090 19.688251
22.824644 19.684427
22.775051 19.606043
22.655370 19.599394
22.619328 19.598757
22.560100 19.618450
22.530848 19.600967
22.599382 19.516910
22.669230 19.579128
22.701065 19.621012
22.655813 19.781816
22.682812 19.820438
22.676249 19.881033
22.719303 19.853022
22.693350 19.795004
22.686370 19.880710
22.689709 19.935116
22.629677 19.992512
22.569399 19.979612
22.494875 19.909107
22.326176 19.972363
22.219640 19.855637
22.182716 19.761198
22.063139 19.775963
22.087183 19.845510
22.043089 19.783790
21.961893 19.813206
21.913122 19.777355
21.835840 19.759104
21.841090 19.677387
21.872301 19.655481
21.882156 19.690472
21.859045 19.655320
21.788471 19.641928
21.870655 19.633785
21.860195 19.649073
21.817406 19.642850
21.778032 19.604250
21.813120 19.623250
21.864273 19.513762
21.917322 19.540537
22.000107 19.629221
22.026924 19.627420
21.971485 19.580805
21.944927 19.647163
21.894762 19.708070
21.880650 19.714811
21.865997 19.687218
21.913590 19.787664
21.987276 19.847538
21.965458 19.832410
21.945843 19.929369
21.948303 19.978834
21.956919 20.053250
21.987558 20.168198
21.916182 20.251112
21.870777 20.232855
21.812120 20.265394
21.869840 20.244402
21.854260 20.155315
21.885925 20.235550
21.912306 20.277584
21.845434 20.325737
21.779848 20.296010
21.784025 20.369800
21.822443 20.422148
21.873627 20.431671
21.851553 20.535460
21.810389 20.583904
21.806301 20.488064
21.919127 20.456070
22.023067 20.503624
22.099940 20.472363
22.032764 20.521765
22.045506 20.459034
22.012120 20.456306
21.992940 20.444473
22.054409 20.500550
22.102894 20.532995
22.181559 20.590551
22.253600 20.540863
22.266905 20.505833
22.332996 20.465166
22.304373 20.498291
22.227045 20.544874
22.158829 20.542038
22.175783 20.471315
22.173836 20.503735
22.160757 20.485489
22.089655 20.432432
22.115078 20.450018
22.169136 20.344261
22.101640 20.324423
22.082760 20.195272
22.081310 20.176352
22.158049 20.200665
22.176517 20.134438
22.037912 20.098131
22.009780 20.045654
21.982819 20.069347
22.049295 19.920849
22.056625 19.878050
21.961432 19.795141
21.906626 19.894913
21.971495 19.828243
22.088215 19.663214
22.076010 19.671750
22.045555 19.648512
21.961985 19.632727
21.896832 19.655043
21.808100 19.631500
21.756096 19.592798
21.728693 19.577759
21.676868 19.501960
21.554468 19.503050
21.501300 19.551472
21.633270 19.600157
21.553997 19.670774
21.614449 19.623500
21.627989 19.660742
21.492546 19.686201
21.503136 19.690530
21.487130 19.653578
21.509527 19.683416
21.559196 19.652930
21.497208 19.766820
21.380030 19.866379
21.326532 19.908810
21.305407 19.945784
21.318834 19.902729
21.343426 19.841572
21.315805 19.726912
21.300705 19.716484
21.213205 19.726383
21.152004 19.795515
21.138520 19.828310
21.113380 19.772749
21.127073 19.898878
21.163385 19.889280
21.147371 19.882444
21.206541 19.851282
21.187810 19.819355
21.178337 19.844265
21.326473 19.844850
21.345278 19.764820
21.338432 19.673624
21.368172 19.690044
21.373737 19.736330
21.223833 19.726105
21.121483 19.707432
21.073772 19.826395
21.105085 19.893398
21.029926 19.895512
20.898829 19.807384
20.930561 19.760414
20.845236 19.721455
20.677640 19.684980
20.680740 19.731163
20.626253 19.725605
20.772778 19.695587
20.757074 19.720398
20.603365 19.731850
20.636692 19.744064
20.759155 19.711527
20.731752 19.785852
20.718248 19.737457
20.748165 19.794632
20.813416 19.854908
20.790579 19.834757
20.776250 19.879257
20.823776 19.807160
20.753551 19.726330
20.753382 19.750430
20.798800 19.682310
20.798376 19.660389
20.778738 19.672375
20.731264 19.601252
20.646044 19.636835
20.517818 19.604270
20.477907 19.593472
20.548319 19.565775
20.644340 19.515940
20.678211 19.494923
20.725435 19.407217
20.805843 19.496819
20.814508 19.583479
20.708847 19.690577
20.638542 19.763428
20.598840 19.879560
20.575228 19.837135
20.610570 19.844194
20.630383 19.905035
20.636410 19.880766
20.658367 19.945370
20.699898 20.083430
20.784845 20.169298
20.889027 20.275126
20.923569 20.422050
20.834963 20.495705
20.862747 20.419313
20.806776 20.401320
20.789322 20.301764
20.802430 20.262218
20.745499 20.292908
20.807900 20.326843
20.885918 20.383657
20.910166 20.390734
20.953590 20.389332
20.954540 20.500969
20.833818 20.518581
20.784986 20.600863
20.843473 20.612790
20.777956 20.555555
20.695198 20.606200
20.595505 20.563131
20.489513 20.637360
20.534079 20.761356
20.643362 20.680360
20.570393 20.705868
20.640580 20.697653
20.600851 20.717000
20.645270 20.722603
20.608934 20.714160
20.638110 20.662722
20.598373 20.639986
20.517815 20.767286
20.467730 20.795322
20.406282 20.690960
20.436256 20.604748
20.467426 20.602125
20.526148 20.652690
20.391897 20.646187
20.352198 20.644450
20.334148 20.648983
20.402084 20.637556
20.406240 20.686370
20.341900 20.670128
20.360508 20.643501
20.269610 20.650522
20.359829 20.711517
20.448586 20.712988
20.419577 20.614086
20.464440 20.603628
20.528776 20.672539
20.547829 20.701883
20.653940 20.765488
20.719715 20.826834
20.746412 20.873410
20.673704 20.763405
20.680689 20.759030
20.708950 20.716982
20.828085 20.727581
20.813467 20.803470
20.734190 20.784199
20.775341 20.781374
20.774410 20.696255
20.738739 20.592636
20.844374 20.559576
20.851593 20.559252
20.946950 20.555770
20.962590 20.522114
20.958977 20.413786
20.911540 20.461563
21.023129 20.500614
21.054410 20.523550
21.094560 20.472390
21.127731 20.529541
21.170465 20.485435
21.198750 20.553055
21.140125 20.633530
21.232360 20.713617
21.330080 20.753956
21.302876 20.704147
21.334751 20.554424
21.304913 20.512003
21.275574 20.489748
21.227419 20.503948
21.143204 20.508194
21.214293 20.467754
21.275904 20.472275
21.255516 20.414415
21.328610 20.479677
21.285442 20.494040
21.158619 20.513247
21.134188 20.441076
21.242641 20.412271
21.264057 20.446592
21.240046 20.506985
21.173523 20.485510
21.167088 20.445261
21.162529 20.308512
21.263334 20.368355
21.286955 20.407957
21.305878 20.426870
21.299597 20.426440
21.375519 20.488743
21.368479 20.459564
21.468105 20.437681
21.416714 20.473848
21.419754 20.487394
21.454660 20.481394
21.516716 20.473223
21.612410 20.446877
21.482130 20.403770
21.502378 20.309150
21.530539 20.373150
21.543842 20.347439
21.552975 20.407755
21.607624 20.385267
21.536327 20.448824
21.581112 20.399134
21.611128 20.446264
21.660070 20.400946
21.751440 20.361187
21.776154 20.407350
21.797110 20.411205
21.800090 20.355300
21.730974 20.424438
21.686665 20.364063
21.700950 20.340597
21.728735 20.341574
21.675869 20.378012
21.727772 20.222168
21.723957 20.237053
21.605196 20.255737
21.639992 20.207472
21.698904 20.199340
21.591722 20.188938
21.519410 20.257528
21.609114 20.342167
21.667362 20.395690
21.636171 20.275310
21.589558 20.287188
21.588970 20.217650
21.570630 20.231974
21.482895 20.106064
21.432892 20.076160
21.407253 20.158390
21.470531 20.229675
21.484493 20.311108
21.403116 20.213062
21.456787 20.113040
21.380913 19.975433
21.318943 19.945993
21.372187 19.985342
21.418802 19.961193
21.455936 20.054668
21.465296 20.017155
21.433344 19.972954
21.452724 19.819452
21.417244 19.904066
21.274070 19.890858
21.272573 19.794333
21.245321 19.698463
21.249662 19.698147
21.189072 19.648243
21.083878 19.574274
21.067350 19.603367
21.125864 19.589478
21.067450 19.504993
21.109474 19.540354
21.099379 19.555353
21.061510 19.396086
21.052277 19.391752
21.045902 19.364779
20.964770 19.452225
20.980460 19.456778
21.051188 19.462210
21.093520 19.480215
21.097738 19.540289
21.153873 19.538092
21.096573 19.616821
21.091972 19.631468
21.183859 19.464048
21.217293 19.379618
21.265722 19.308231
21.275707 19.233648
21.301296 19.277523
21.259789 19.223799
21.268616 19.233990
21.163519 19.381907
21.053507 19.428408
21.082775 19.475555
21.092026 19.442677
21.075980 19.524021
21.098160 19.510980
21.023193 19.523085
20.988153 19.552140
21.075400 19.561188
21.040520 19.518960
21.107117 19.428830
21.135519 19.438366
21.209862 19.492449
21.183860 19.410051
21.134115 19.437593
21.087553 19.425980
21.216470 19.396603
21.216022 19.431110
21.275053 19.375393
21.313833 19.263968
21.199047 19.312101
21.111803 19.363894
21.074612 19.497105
21.063340 19.525210
21.046396 19.518380
21.027002 19.555428
20.998194 19.495028
21.028902 19.474941
20.971268 19.497160
20.967985 19.445423
20.970396 19.481660
20.981136 19.504288
20.937263 19.493965
20.864887 19.490768
20.878838 19.607376
20.807468 19.634436
20.748693 19.530981
20.748713 19.520311
20.861124 19.482070
20.916353 19.514929
20.889850 19.579190
20.919737 19.510067
20.935886 19.621725
20.957518 19.657581
20.965696 19.577868
20.909029 19.531150
20.871176 19.550886
20.917343 19.568730
21.011446 19.591366
21.045565 19.586760
20.952608 19.573992
20.867804 19.540020
20.818785 19.455254
20.753240 19.336418
20.722128 19.351010
20.731266 19.276443
20.743355 19.200891
20.757097 19.125881
20.768307 19.157430
20.700330 19.192474
20.657116 19.312046
20.604969 19.349115
20.576822 19.290297
20.563140 19.267140
20.603184 19.258170
20.564730 19.210047
20.489552 19.150480
20.355473 19.131311
20.215221 19.084253
20.233881 19.025217
20.249784 18.933462
20.281223 19.022253
20.438374 19.198513
20.508562 19.228725
20.459488 19.280407
20.397766 19.370272
20.468025 19.404295
20.503256 19.483122
20.476530 19.428658
20.527718 19.377290
20.564777 19.346487
20.443373 19.352240
20.424038 19.354143
20.463354 19.288723
20.522861 19.292564
20.503330 19.284803
20.485413 19.185658
20.550001 19.084108
20.551254 19.158880
20.585735 19.296043
20.707546 19.263199
20.641470 19.337017
20.554726 19.411146
20.499199 19.308683
20.485214 19.243440
20.522827 19.159582
20.504515 19.059584
20.529907 19.083487
20.667295 18.982050
20.692343 19.043604
20.711489 18.976696
20.725860 19.004120
20.738873 18.965069
20.708899 18.905659
20.641787 18.801796
20.606436 18.736715
20.738842 18.729057
20.808125 18.699396
20.840670 18.731980
20.789036 18.763113
20.795351 18.789688
20.677364 18.832151
20.521230 18.747910
20.508204 18.648546
20.436552 18.522789
20.412071 18.505642
20.384466 18.603434
20.379885 18.557047
20.451650 18.573904
20.480453 18.647670
20.527449 18.617960
20.543709 18.562634
20.528059 18.600279
20.490126 18.569613
20.493080 18.539106
20.494192 18.470095
20.502401 18.382430
20.606007 18.403090
20.622849 18.425697
20.711060 18.410614
20.835920 18.397871
20.911598 18.396242
20.863625 18.291252
20.860200 18.267603
20.919090 18.299873
20.929913 18.267220
20.977936 18.263027
20.972017 18.240633
20.865000 18.229666
20.925274 18.204899
20.994743 18.186651
20.888918 18.169355
20.746716 18.113785
20.698895 18.114302
20.659801 18.065735
20.636452 17.972383
20.584476 17.979418
20.619652 17.982035
20.640736 17.949966
20.627869 17.920420
20.597237 18.031069
20.476982 17.988075
20.528067 18.029911
20.536898 17.958931
20.470152 18.063602
20.467384 18.068361
20.485281 18.064573
20.489758 18.009008
20.484047 18.094664
20.553211 18.196547
20.609440 18.159134
20.654190 18.197985
20.718622 18.161497
20.731573 18.088049
20.759901 18.069338
20.835989 18.099535
20.930115 17.980968
20.956228 18.005000
20.937647 17.989313
20.949108 18.002030
20.936905 17.937530
20.935960 17.967890
20.917973 18.028173
20.920763 18.059850
21.016106 18.123293
21.084850 18.081045
21.067448 18.136963
21.001547 18.135664
20.978445 18.165876
21.050726 18.197231
21.056274 18.246773
20.999207 18.327204
20.922804 18.297607
20.963766 18.176771
21.018215 18.113644
20.976074 18.021107
20.994448 18.037104
21.015690 18.066740
21.052340 18.095820
21.152548 18.117971
21.085110 18.161924
21.060461 18.257053
21.029348 18.237389
20.930248 18.249577
20.928812 18.315510
20.854414 18.364443
20.882122 18.440130
20.924053 18.392271
20.938835 18.340874
21.015196 18.296501
20.946716 18.236475
20.941635 18.274033
21.117655 18.314638
21.153376 18.343662
21.100979 18.377983
21.098686 18.285246
21.119930 18.342104
21.246029 18.330488
21.311356 18.379206
21.366657 18.399765
21.432280 18.576672
21.428762 18.586676
21.509144 18.466507
21.591888 18.530481
21.637024 18.470602
21.616533 18.433647
21.644903 18.437008
21.640114 18.449140
21.696423 18.469461
21.781845 18.501925
21.862354 18.407995
21.873766 18.336610
21.946291 18.291851
21.997970 18.264523
21.950666 18.301239
21.896170 18.307673
21.963764 18.364180
21.912954 18.309070
21.903296 18.298530
21.844800 18.212738
21.723244 18.144274
21.587694 18.087545
21.445560 18.138887
21.473854 18.120504
21.516935 18.047436
21.550753 18.050955
21.525007 18.046741
21.618450 17.917700
21.488293 17.871944
21.421410 17.872160
21.417336 17.764664
21.330101 17.748772
21.320461 17.654356
21.355488 17.667517
21.278316 17.799969
21.347572 17.804052
21.407688 17.808979
21.305685 17.737753
21.382233 17.761856
21.402740 17.688505
21.400002 17.538538
21.414430 17.517775
21.325020 17.532381
21.272291 17.601480
21.184141 17.729414
21.172459 17.771060
21.158506 17.820316
21.235577 17.760334
21.169188 17.718285
21.105030 17.688692
21.093607 17.725792
21.125040 17.705566
21.262250 17.784218
21.291496 17.788063
21.417068 17.834350
21.415417 17.902254
21.430958 18.022568
21.420609 17.987576
21.360611 18.029390
21.403332 18.055540
21.419718 18.189676
21.465110 18.218235
21.371730 18.162243
21.425476 18.177525
21.342865 18.240843
21.288816 18.259836
21.291315 18.259243
21.268143 18.282972
21.271334 18.203114
21.269173 18.232336
21.264600 18.171818
21.188435 18.172344
21.170513 18.166403
21.140032 18.117563
21.133907 18.087620
21.092897 18.135447
21.038763 17.982342
20.994186 17.956380
20.908817 18.010359
20.860903 17.929682
20.925138 17.955010
20.949944 17.933077
20.997614 17.892805
21.048174 17.923256
21.117365 17.973373
21.088383 17.942513
21.182924 17.918344
21.300863 17.928114
21.240906 17.918638
21.347670 17.931927
21.464952 17.894133
21.552560 17.867044
21.683199 17.902110
21.679935 17.939915
21.547255 17.952097
21.500593 17.839485
21.516771 17.772420
21.470114 17.794977
21.482862 17.847078
21.548450 17.849337
21.615984 17.793867
21.532013 17.847600
21.457518 17.793545
21.353632 17.757856
21.392240 17.715055
21.472528 17.650848
21.534054 17.583317
21.623634 17.632582
21.678305 17.573027
21.751036 17.502405
21.742080 17.561686
21.831043 17.616692
21.854376 17.570532
21.895174 17.559555
21.827500 17.532190
21.662610 17.526411
21.657604 17.474140
21.563915 17.502522
21.524221 17.543509
21.525550 17.503855
21.510437 17.444390
21.478740 17.505920
21.526896 17.515944
21.576666 17.593117
21.630877 17.623451
21.675163 17.705647
21.705390 17.680765
21.663034 17.713999
21.627470 17.640987
21.601393 17.615501
21.493334 17.669537
21.623695 17.716846
21.686280 17.781286
21.660294 17.759277
21.741413 17.767190
21.707674 17.701296
21.640186 17.575388
21.505154 17.498636
21.537785 17.406100
21.578083 17.430847
21.566185 17.431202
21.508333 17.508400
21.475798 17.416887
21.420082 17.319242
21.456245 17.311926
21.615942 17.218115
21.651701 17.132315
21.665121 17.144894
21.674295 17.166191
21.666653 17.183048
21.657412 17.332050
21.629750 17.404156
21.736750 17.424185
21.831285 17.406178
21.869143 17.295607
21.895464 17.206684
21.891380 17.076730
21.996714 16.986486
22.057543 17.004112
22.066978 16.991758
22.071714 16.946255
22.140348 16.874556
22.195240 16.835356
22.196985 16.865837
22.118675 16.881918
22.056177 16.868374
22.030926 16.881693
22.063284 16.904097
22.158405 16.944460
22.185793 16.928322
22.147308 16.964525
22.113080 16.955150
22.128302 17.004272
22.267190 17.026163
22.197700 16.991905
22.187960 16.967741
22.204908 17.031792
22.143812 16.942215
22.137465 16.947730
22.167990 16.917177
22.093008 16.930906
22.071503 16.905005
22.144740 16.839306
22.173729 16.844385
22.173841 16.778244
22.127172 16.773928
22.229649 16.852732
22.221020 16.889297
22.167410 16.915731
22.211580 16.910887
22.233044 16.947960
22.210468 16.942795
22.221172 16.939116
22.129340 17.016270
22.150335 16.975582
22.071812 16.904411
21.984964 16.939547
21.972672 16.888170
21.933214 16.921530
21.904980 16.982899
21.841862 16.977950
21.847301 16.959217
21.731970 16.900000
21.762138 16.895790
21.741380 16.940987
21.659605 16.965803
21.628193 16.881535
21.589355 16.983970
21.664230 16.937372
21.747242 16.922224
21.750020 16.931736
21.752357 16.998238
21.706940 17.173706
21.679668 17.222017
21.710537 17.135328
21.635027 17.148207
21.514462 17.226387
21.515270 17.266445
21.531473 17.177362
21.516441 17.160557
21.444340 17.137722
21.408724 17.115685
21.380232 17.130972
21.330069 17.104876
21.403910 17.127308
21.401628 17.076822
21.473318 17.071318
21.581758 17.069746
21.624979 17.044777
21.718994 16.989023
21.710018 16.929737
21.730965 16.893826
21.789354 17.013554
21.838387 17.054113
21.862953 17.012941
21.759892 17.077494
21.658663 17.026531
21.625156 17.042812
21.594843 16.989944
21.586903 17.027970
21.519085 16.970541
21.530054 16.903126
21.554550 16.947758
21.571852 16.904778
21.542640 16.768627
21.536210 16.688831
21.478376 16.626965
21.505844 16.573044
21.552273 16.538036
21.537165 16.584791
21.542437 16.639500
21.694320 16.696554
21.769125 16.634657
21.726685 16.512790
21.614650 16.539238
21.588680 16.534300
21.581413 16.468985
21.671856 16.323278
21.660902 16.206848
21.641388 16.204739
21.732624 16.267853
21.722279 16.295805
21.714815 16.237404
21.732105 16.266070
21.755005 16.358380
21.796549 16.432491
21.754677 16.497744
21.741753 16.425428
21.721586 16.430523
21.665220 16.452818
21.751932 16.456217
21.806063 16.462488
21.815716 16.429660
22.001886 16.440474
22.141739 16.466888
22.140945 16.476755
22.176960 16.475512
22.151693 16.519950
22.122440 16.529364
22.239246 16.583147
22.183590 16.551641
22.116116 16.546438
22.012733 16.517134
22.089535 16.482182
22.051556 16.392390
21.982979 16.453009
21.889904 16.471672
21.917854 16.567800
21.915007 16.582766
21.933598 16.577630
22.025208 16.540602
22.140905 16.536844
22.134237 16.610420
22.250610 16.561485
22.212603 16.499800
22.239160 16.434586
22.204245 16.390491
22.139074 16.346786
22.158003 16.416677
22.110924 16.374352
22.081953 16.496454
22.089231 16.515856
22.142490 16.502813
22.127384 16.517319
22.107952 16.472645
22.131948 16.455505
22.134426 16.387192
22.131786 16.261744
22.094450 16.321571
22.174109 16.229100
22.176199 16.193540
22.182913 16.227135
22.223532 16.195053
22.268738 16.239546
22.298428 16.268555
22.372925 16.233860
22.427540 16.196949
22.401680 16.218403
22.492811 16.256233
22.514105 16.389835
22.478676 16.393549
22.471708 16.383402
22.394033 16.356323
22.430208 16.252281
22.521427 16.253775
22.584890 16.242884
22.615650 16.213247
22.647442 16.176563
22.609325 16.057095
22.597364 16.109499
22.529661 16.141562
22.448751 16.174866
22.481112 16.184326
22.472520 16.107277
22.575200 16.137660
22.597470 16.141977
22.647015 16.086750
22.654137 16.106672
22.706284 16.207470
22.734850 16.253258
22.807710 16.253735
22.852959 16.251484
23.014626 16.351930
23.052334 16.376959
23.060987 16.443298
23.036716 16.457788
23.038496 16.496930
22.956633 16.433289
22.900106 16.333353
22.794262 16.256598
22.840569 16.327633
22.868074 16.408625
22.846575 16.449282
22.816631 16.356405
22.792580 16.317010
22.839762 16.284592
22.876644 16.271700
22.895954 16.332218
22.847382 16.351890
22.883791 16.299480
22.922480 16.226572
22.922611 16.245003
22.942152 16.334196
22.956790 16.427540
23.028862 16.458658
22.979918 16.469273
22.910007 16.556170
22.945270 16.529879
22.849474 16.508955
22.917400 16.586681
22.906424 16.529892
22.947325 16.475214
23.006098 16.499372
23.043161 16.497250
22.997726 16.476650
22.945562 16.433080
22.973473 16.502373
22.977383 16.493740
23.014164 16.435814
23.009457 16.405977
23.012959 16.452072
23.100584 16.411163
22.983220 16.409456
22.957855 16.360636
22.924906 16.466057
22.913095 16.534254
22.884335 16.453450
22.945503 16.496756
22.985731 16.479795
23.054660 16.557010
23.048666 16.458368
23.011604 16.511688
22.963705 16.510214
22.882484 16.555593
22.912659 16.584835
22.955914 16.647130
22.943392 16.674591
22.966604 16.740530
22.903490 16.789057
22.849974 16.840183
22.881080 16.784628
22.955526 16.819110
22.965681 16.851648
23.001990 16.818579
23.024680 16.720993
22.995590 16.733738
22.879734 16.817394
22.900620 16.819020
22.931492 16.905708
22.990143 16.992800
23.017504 16.983347
23.072124 17.024075
23.082327 17.019455
22.997341 16.914331
22.939285 16.866000
22.929354 16.849897
22.871298 16.835806
22.852785 16.805346
22.923824 16.807064
22.905890 16.804008
22.891598 16.744888
22.960697 16.695150
23.044292 16.729288
23.010174 16.768557
22.999743 16.834078
23.000528 16.876308
23.099295 16.801056
23.030874 16.734465
23.031725 16.731940
23.022556 16.756151
23.195208 16.720356
23.275700 16.647787
23.345833 16.742083
23.307907 16.742373
23.251873 16.740020
23.207542 16.790117
23.192131 16.746460
23.080229 16.708204
23.093815 16.744452
23.116997 16.789598
23.092257 16.728092
23.096533 16.724695
23.124610 16.728859
23.135805 16.713360
23.168156 16.670588
23.240326 16.698800
23.322092 16.729029
23.344784 16.660713
23.273407 16.688080
23.345356 16.773876
23.264824 16.891146
23.243930 16.937859
23.217588 16.945791
23.165598 16.993423
23.147460 16.973604
23.104649 17.026123
23.098398 17.006714
23.065895 17.010240
23.103535 17.111977
23.074146 17.244892
23.151330 17.276226
23.223122 17.161064
23.268805 17.082674
23.203160 17.081583
23.167640 17.116325
23.184906 17.136590
23.150093 17.117067
23.240640 17.028696
23.271850 17.031166
23.371483 17.106312
23.387932 17.187480
23.390100 17.170860
23.348537 17.105066
23.405443 17.051573
23.480425 16.953915
23.475527 16.903135
23.441092 16.874979
23.443785 16.805292
23.345219 16.764236
23.309103 16.842764
23.342112 16.896168
23.345676 16.980871
23.367727 16.998276
23.271873 16.996769
23.215590 17.000578
23.184502 16.927734
23.188162 16.872375
23.250639 16.939735
23.224867 16.898909
23.271463 16.863369
23.332726 16.753794
23.398018 16.724915
23.448908 16.682905
23.482277 16.690517
23.452173 16.706955
23.404970 16.700203
23.413954 16.723320
23.498646 16.773006
23.603148 16.800945
23.664948 16.752916
23.673944 16.781368
23.699318 16.818794
23.725489 16.870201
23.772448 16.856504
23.730062 16.867615
23.685734 16.863280
23.676851 16.836605
23.653420 16.905668
23.594263 16.962906
23.488092 17.025665
23.496298 17.101390
23.455027 17.219402
23.440615 17.232723
23.420992 17.196209
23.408777 17.184800
23.308071 17.217524
23.223526 17.184107
23.325987 17.202120
23.285465 17.213032
23.262560 17.126709
23.308847 17.139082
23.372970 17.206053
23.444227 17.257774
23.559519 17.307802
23.533134 17.447363
23.551788 17.492262
23.541035 17.536465
23.637592 17.514769
23.630392 17.550932
23.669147 17.531080
23.607096 17.535305
23.510729 17.499403
23.464382 17.491580
23.485533 17.526490
23.546635 17.492535
23.585451 17.531363
23.618443 17.540115
23.607708 17.538586
23.601220 17.554707
23.555523 17.614773
23.444086 17.704620
23.372213 17.677270
23.308250 17.724815
23.249922 17.634615
23.226473 17.648893
23.150583 17.708567
23.094660 17.742062
23.047796 17.737314
23.079023 17.767082
23.028210 17.901623
23.060587 17.923347
23.070267 17.923922
23.087717 17.889414
23.082607 17.902466
23.089544 17.841772
23.067556 17.749804
23.077114 17.769720
23.122314 17.869705
23.098547 17.912615
23.075363 17.870892
23.072040 17.921200
23.093603 17.858269
23.124811 17.730207
23.142647 17.745169
23.148386 17.722721
23.194658 17.723295
23.196007 17.818823
23.229390 17.848656
23.249458 17.811430
23.211672 17.774336
23.262953 17.772080
23.262890 17.872461
23.331974 18.010800
23.299994 18.085068
23.364098 18.014812
23.273262 17.996622
23.227175 17.999865
23.291733 17.996120
23.321814 17.953920
23.383564 17.894567
23.351564 17.945654
23.286480 18.038017
23.185085 18.053074
23.106573 18.039297
23.046656 17.934400
23.010199 17.864035
22.908363 17.856045
22.883226 17.843536
22.888685 17.888632
22.849407 17.939682
22.885162 17.973076
22.927309 18.001427
22.985624 17.900188
22.936432 17.851238
22.828617 17.952244
22.878296 17.978580
22.939468 17.955965
23.006172 17.865118
23.017544 17.875200
22.945463 17.940000
22.955486 17.910273
22.946444 17.944100
22.940300 17.864223
22.862770 17.860594
22.888355 17.861689
22.867930 17.958223
22.926771 18.003353
22.903238 18.004827
22.982327 17.973372
23.039785 17.983940
22.928257 17.973370
22.914976 17.982058
23.009462 18.081589
22.963848 18.089859
22.879549 18.040485
22.687965 18.031006
22.627457 17.987076
22.591470 18.056910
22.632320 18.023954
22.667282 18.070000
22.630947 18.062664
22.621992 18.054690
22.703257 18.077122
22.695702 18.102331
22.750630 18.145872
22.806797 18.123253
22.815798 18.137394
22.806988 18.166770
22.787457 18.126158
22.745073 18.084720
22.748945 18.025879
22.704432 17.999151
22.586412 17.957438
22.580727 17.948423
22.578190 17.939064
22.537348 17.957653
22.518341 17.926811
22.483831 17.849926
22.444730 17.831800
22.351774 17.872010
22.290768 17.908537
22.276457 17.958080
22.335020 17.917060
22.335466 17.868303
22.190176 17.933107
22.201096 18.044168
22.222479 18.092396
22.153458 18.052073
22.169497 18.098220
22.223017 18.132635
22.266730 18.143404
22.176820 18.076124
22.156042 18.003277
22.133312 17.988867
22.083750 17.974358
22.219667 17.967130
22.289846 17.973766
22.269394 17.995094
22.252478 17.979105
22.250349 17.945503
22.209051 17.924627
22.191132 17.912205
22.055521 17.819452
22.050540 17.804045
22.051407 17.820986
22.063093 17.888075
22.200756 17.911570
22.223776 17.917412
22.249720 17.873648
22.355043 17.849472
22.436760 17.962479
22.417727 17.985603
22.499740 17.940603
22.552460 17.875347
22.537287 17.850039
22.548328 17.732601
22.550087 17.714052
22.508688 17.762352
22.534319 17.763018
22.516000 17.799760
22.531786 17.767298
22.521976 17.705988
22.491983 17.600258
22.491158 17.678381
22.592237 17.609077
22.564812 17.601484
22.536745 17.609781
22.465430 17.601137
22.330208 17.591085
22.347466 17.524900
22.294601 17.534206
22.210659 17.550170
22.171179 17.613970
22.183964 17.668291
22.110280 17.596912
22.124475 17.525180
22.056240 17.421791
22.095642 17.437347
22.079723 17.328382
22.068626 17.217453
22.077843 17.251328
22.104618 17.253470
22.117490 17.265478
22.153011 17.278460
22.097593 17.302640
22.071957 17.231155
22.108646 17.272291
22.176912 17.210243
22.145721 17.251305
22.165472 17.413355
22.112581 17.413612
22.091728 17.455507
22.065992 17.445799
22.098555 17.471710
22.054193 17.488964
22.025904 17.480947
21.963816 17.388906
22.012077 17.351402
22.048035 17.420000
22.036016 17.387726
22.041195 17.410637
22.104986 17.454405
22.136970 17.517668
22.088512 17.512682
22.090467 17.549576
22.110033 17.635931
22.152758 17.669315
22.089970 17.623573
22.137217 17.622955
22.116049 17.660557
22.091753 17.636486
22.170345 17.601622
22.162924 17.649633
22.123674 17.670355
22.101841 17.632198
22.166063 17.611700
22.159147 17.519619
22.170360 17.467508
22.147540 17.428730
22.053495 17.329220
21.985128 17.295547
21.893110 17.312166
21.843746 17.237074
21.836098 17.324898
21.789590 17.281324
21.770580 17.227919
21.782993 17.208874
21.893703 17.258500
21.931646 17.251480
21.923018 17.220228
21.907478 17.204216
22.030237 17.257668
22.093910 17.369617
22.121191 17.428705
22.090963 17.509080
22.114164 17.474243
22.186960 17.514383
22.247715 17.548151
22.284718 17.602781
22.291681 17.586735
22.264982 17.562757
22.264477 17.582966
22.314410 17.608454
22.371347 17.510069
22.313839 17.420399
22.314009 17.445412
22.323170 17.474436
22.414880 17.542252
22.363668 17.601530
22.444430 17.654993
22.503845 17.582617
22.510735 17.507004
22.501930 17.574411
22.565401 17.568237
22.606867 17.550890
22.685818 17.649868
22.770084 17.632510
22.788061 17.601385
22.798258 17.658796
22.825813 17.764372
22.803743 17.818544
22.789910 17.820158
22.829998 17.759020
22.786926 17.771734
22.821316 17.802359
22.822678 17.719254
22.825794 17.728678
22.799992 17.775421
22.688784 17.712671
22.607943 17.612072
22.578518 17.564768
22.509727 17.494123
22.540730 17.561480
22.447470 17.541931
22.387636 17.519655
22.426117 17.426924
22.426311 17.368977
22.364573 17.375309
22.411928 17.331660
22.434587 17.340282
22.500223 17.381847
22.624508 17.355389
22.686500 17.293167
22.666481 17.284792
22.693195 17.240267
22.742142 17.216805
22.776180 17.281536
22.828865 17.358368
22.881456 17.418430
22.956282 17.562120
22.871227 17.491322
22.823883 17.526356
22.840359 17.507847
22.914280 17.594799
23.063742 17.582056
23.072971 17.553808
23.114368 17.521347
23.085480 17.471844
23.020224 17.448954
23.032598 17.482931
23.017435 17.410763
22.978560 17.393358
22.948030 17.383497
22.883934 17.359380
22.877306 17.334625
22.796417 17.225922
22.747633 17.165709
22.750416 17.129776
22.746098 17.128782
22.721535 17.101837
22.683119 17.136826
22.766693 17.137870
22.749722 17.167149
22.755543 17.095640
22.768590 17.044610
22.664936 17.002750
22.622671 16.960325
22.553196 16.909908
22.477453 16.826422
22.433258 16.821611
22.474740 16.779383
22.517452 16.725533
22.555000 16.658978
22.559113 16.717966
22.478996 16.679400
22.494284 16.681238
22.557262 16.608473
22.602268 16.617022
22.684282 16.709848
22.757132 16.710215
22.752108 16.663904
22.750370 16.724989
22.613512 16.735367
22.507250 16.658620
22.506178 16.662764
22.503468 16.623083
22.516779 16.655718
22.581650 16.666815
22.538830 16.687826
22.670616 16.627293
22.675580 16.589828
22.579086 16.679264
22.570204 16.677183
22.553148 16.696670
22.540167 16.643696
22.470394 16.658220
22.423937 16.722420
22.392754 16.680992
22.402037 16.716970
22.487001 16.706303
22.560852 16.618353
22.648085 16.574257
22.633474 16.590942
22.698440 16.588440
22.770092 16.466694
22.796484 16.463028
22.739980 16.478302
22.783691 16.369830
22.784290 16.255950
22.800180 16.139906
22.805717 16.062414
22.736042 16.017675
22.629057 16.105180
22.519200 16.175215
22.457380 16.187262
22.490790 16.173363
22.534933 16.199842
22.493940 16.247380
22.353260 16.252674
22.344538 16.143133
22.390003 16.168287
22.393919 16.218431
22.315403 16.279802
22.340183 16.328873
22.291653 16.282870
22.349016 16.291906
22.462152 16.272884
22.553047 16.169422
22.509890 16.195433
22.471066 16.146800
22.475702 16.088213
22.422289 16.038116
22.454594 16.079105
22.419378 16.050255
22.436989 16.052443
22.408966 16.063635
22.471663 16.174665
22.456522 16.321419
22.444546 16.393270
22.437277 16.347153
22.358070 16.384808
22.344269 16.359083
22.285858 16.406445
22.223328 16.474163
22.171421 16.504484
22.083092 16.470490
21.992250 16.531720
21.961914 16.531878
21.935430 16.521715
22.005154 16.459060
22.058064 16.423200
22.050310 16.475357
22.071096 16.426094
22.110610 16.359703
22.184668 16.326433
22.136194 16.313816
22.205153 16.211641
22.188913 16.211697
22.199474 16.237165
22.330563 16.144424
22.389744 16.095057
22.427010 16.204107
22.402193 16.235550
22.349287 16.181206
22.401363 16.073383
22.468433 16.048227
22.451360 15.998365
22.469751 16.023903
22.337315 15.998878
22.238497 16.032070
22.189281 16.094046
22.191631 16.145540
22.124569 16.205017
22.193321 16.208560
22.119827 16.137960
22.070375 16.114616
22.085640 16.052584
22.154610 16.026610
22.150036 15.956186
22.154373 15.989887
22.171783 16.046173
22.179403 16.040033
22.232918 15.966567
22.303040 15.818663
22.327044 15.828924
22.399454 15.898765
22.284243 15.900417
22.274204 15.868577
22.346138 15.900024
22.369726 15.890612
22.368046 15.863694
22.381110 15.861218
22.393710 15.913818
22.379868 15.850094
22.461662 15.719737
22.475628 15.621657
22.482641 15.537950
22.452328 15.579626
22.397892 15.695992
22.358044 15.702217
22.384901 15.659675
22.464323 15.712940
22.498707 15.779627
22.509455 15.868304
22.604940 15.915391
22.620367 15.960606
22.640503 15.982340
22.635357 16.014460
22.591793 16.003937
22.604070 15.961059
22.543869 15.877229
22.483288 15.761888
22.379738 15.734998
22.409190 15.802749
22.424040 15.884813
22.486029 15.893507
22.447004 15.909314
22.479652 15.919015
22.456100 15.986389
22.480177 16.054607
22.530811 15.968195
22.649084 15.956828
22.679146 15.959619
22.616215 15.997935
22.605375 15.953633
22.581963 15.986308
22.547910 15.906123
22.604881 15.909882
22.611105 15.983735
22.624450 15.956373
22.613409 16.009490
22.608492 15.955699
22.613455 15.976463
22.623888 16.005945
22.616407 16.050795
22.542353 16.053234
22.501005 16.120570
22.486332 16.184599
22.437727 16.253977
22.481115 16.240772
22.530110 16.208961
22.538387 16.219645
22.495235 16.245916
22.467232 16.241774
22.367407 16.138432
22.426096 16.120000
22.489573 16.089094
22.509296 15.991919
22.521929 16.006607
22.473436 16.014702
22.544054 16.098845
22.631153 16.112349
22.571543 16.130684
22.479795 16.165312
22.521385 16.251896
22.525806 16.205229
22.545810 16.161745
22.517143 16.163603
22.514368 16.231504
22.527973 16.249323
22.571348 16.200674
22.637120 16.172876
22.671690 16.157824
22.740152 16.073830
22.708070 16.152056
22.711718 16.118027
22.722225 16.080082
22.706308 16.089209
22.697773 16.078634
22.576675 16.059990
22.428196 16.034832
22.377714 16.053152
22.308815 16.062588
22.222260 16.076742
22.192526 16.045424
22.200710 15.969480
22.159967 15.913882
22.124065 15.910212
22.084646 15.852548
22.111599 15.801332
22.100140 15.893567
22.052120 15.977876
22.044596 16.040733
22.034160 16.021158
22.099356 16.044315
22.128170 16.097412
22.125738 16.065966
22.244501 16.067638
22.282200 16.141275
22.349817 16.247505
22.314490 16.205870
22.299797 16.222982
22.299267 16.243557
22.270048 16.170767
22.316810 16.155087
22.368668 16.109964
22.367123 16.159940
22.326351 16.182243
22.302341 16.216003
22.400352 16.204775
22.495321 16.175444
22.662165 16.132492
22.772568 16.110209
22.761757 16.096430
22.747555 16.128944
22.690813 16.076704
22.700365 16.025760
22.698685 16.015383
22.669678 15.982935
22.681438 15.993172
22.765156 15.963873
22.757847 16.017714
22.747568 16.000280
22.739110 15.969082
22.739372 15.955262
22.715475 15.996916
22.753033 16.005102
22.799345 15.992950
22.737778 15.933505
22.678745 15.955545
22.630945 15.937672
22.639807 15.828764
22.627735 15.784537
22.598610 15.764876
22.577038 15.719538
22.569605 15.659258
22.609460 15.676866
22.559874 15.632054
22.549778 15.598444
22.488117 15.629953
22.505861 15.671344
22.515730 15.689685
22.550802 15.585571
22.564940 15.605361
22.573420 15.627324
22.485653 15.579670
22.457949 15.621293
22.459671 15.676074
22.521772 15.703653
22.443169 15.734062
22.478065 15.744555
22.453772 15.842531
22.473991 15.834552
22.480118 15.736683
22.488657 15.781308
22.437294 15.752141
22.482697 15.746703
22.472948 15.760211
22.424490 15.771178
22.491013 15.708690
22.612180 15.646310
22.625677 15.669063
22.683298 15.699564
22.671917 15.722886
22.620110 15.747767
22.578476 15.835362
22.646717 15.914852
22.611778 15.940278
22.511206 15.953347
22.492828 15.929770
22.436333 15.951903
22.422897 15.898557
22.431734 15.864841
22.521120 15.880030
22.686497 15.825005
22.692293 15.834710
22.724840 15.859551
22.804710 15.886877
22.704659 15.868674
22.742466 15.912067
22.740654 15.847196
22.727688 15.807346
22.712960 15.810669
22.687672 15.865342
22.779764 15.868432
22.799099 15.874895
22.808804 15.888350
22.831870 15.980216
22.859497 16.053028
22.988080 16.086820
23.063408 16.100317
23.066137 16.120113
23.011654 16.121996
22.955853 16.035880
22.897455 16.063383
22.861786 16.114521
22.825495 16.090498
22.865950 16.098967
22.850945 16.239836
22.902040 16.296925
22.959026 16.323175
22.937328 16.313017
22.935583 16.317297
22.884905 16.359260
22.899006 16.383560
22.887953 16.434916
22.891544 16.475248
22.846453 16.475580
22.846003 16.413479
22.826563 16.341864
22.880000 16.380405
22.849995 16.344076
22.784185 16.218430
22.742994 16.178741
22.750286 16.160969
22.699223 16.120228
22.760930 16.075388
22.713991 16.132023
22.707224 16.198854
22.775618 16.206512
22.786130 16.183386
22.765835 16.245676
22.794292 16.250114
22.759950 16.318853
22.725950 16.356182
22.733578 16.323933
22.774511 16.372328
22.818804 16.319956
22.902983 16.429688
22.872707 16.497482
22.879797 16.508928
22.839064 16.599354
22.813074 16.643362
22.821764 16.666110
22.875423 16.670040
22.979530 16.719799
22.995693 16.764042
22.940970 16.720522
22.809030 16.704048
22.809227 16.578405
22.760351 16.662900
22.764505 16.714949
22.819855 16.746525
22.854391 16.739050
22.824812 16.754913
22.851080 16.717386
22.866823 16.759281
22.767750 16.773745
22.762100 16.743204
22.722366 16.665375
22.655186 16.719961
22.533186 16.756230
22.497984 16.771574
22.445143 16.723450
22.424229 16.696682
22.380737 16.631530
22.396263 16.597893
22.299898 16.584047
22.305365 16.537668
22.234327 16.503687
22.125900 16.481604
22.116236 16.466116
22.054554 16.459812
21.976519 16.504875
21.867820 16.519053
